Accuracy: 0.5287958115183246
Recall: [0.72826087 0.         0.         0.         0.        ]
AUC: [0.70251427 0.5        0.5        0.5        0.5       ]
F1 score: [0.70157068 0.         0.         0.         0.        ]
